0.0,0.15482742458982243,0.0,0.035066847960200424,0.0,1.65
0.01,0.16866442784708124,0.01,0.04924276013264444,0.01,1.65
0.02,0.18344430508421958,0.02,0.06830089348457118,0.02,1.65
0.03,0.1992003509402831,0.03,0.09357260537909283,0.03,1.65
0.04,0.21596386605275225,0.04,0.1266220669310826,0.04,1.65
0.05,0.23376377733380582,0.05,0.16924210363446285,0.05,1.65
0.06,0.2526262457407945,0.06,0.22343220471763814,0.06,1.65
0.07,0.2725742644041782,0.07,0.2913543232634387,0.07,1.65
0.08,0.29362725032662756,0.08,0.3752627892807848,0.08,1.65
0.09,0.3158006332035765,0.09,0.4774060051550797,0.09,1.65
0.1,0.3391054452320888,0.1,0.5998996279243112,0.1,1.65
0.11,0.3635479160651313,0.11,0.744573623538446,0.11,1.65
0.12,0.3891290773258699,0.12,0.9127987606933977,0.12,1.65
0.13,0.4158443813150568,0.13,1.1053015421416517,0.13,1.65
0.14,0.4436833387178222,0.14,1.3219798936008498,0.14,1.65
0.15,0.4726291802383291,0.15,1.5617347129043826,0.15,1.65
0.16,0.5026585471563526,0.16,1.822334163066595,0.16,1.65
0.17,0.5337412158040094,0.17,2.1003279415923584,0.17,1.65
0.18,0.5658398608993551,0.18,2.391027344478122,0.18,1.65
0.19,0.5989098625429794,0.19,2.6885636057682594,0.19,1.65
0.2,0.6328991614815321,0.2,2.9860317949035995,0.2,1.65
0.21,0.667748166966855,0.21,3.275720810387524,0.21,1.65
0.22,0.7033897211906492,0.22,3.5494222835816904,0.22,1.65
0.23,0.739749123853221,0.23,3.798803268512547,0.23,1.65
0.24,0.7767442199328517,0.24,4.015820332030483,0.24,1.65
0.25,0.8142855531630376,0.25,4.1931469743665915,0.25,1.65
0.26,0.8522765871028714,0.26,4.324582990797182,0.26,1.65
0.27,0.8906139950070446,0.27,4.405413986167645,0.27,1.65
0.28,0.9291880189734648,0.28,4.432692004460364,0.28,1.65
0.29,0.9678828980765734,0.29,4.405413986167645,0.29,1.65
0.3,1.0065773643924685,0.3,4.3245829907971824,0.3,1.65
0.31,1.0451452049982124,0.31,4.1931469743665915,0.31,1.65
0.32,1.0834558871933522,0.32,4.015820332030485,0.32,1.65
0.33,1.1213752433584823,0.33,3.798803268512547,0.33,1.65
0.34,1.158766211045931,0.34,3.5494222835816918,0.34,1.65
0.35000000000000003,1.195489623103811,0.35000000000000003,3.275720810387524,0.35000000000000003,1.65
0.36,1.2314050418794118,0.36,2.9860317949036013,0.36,1.65
0.37,1.266371630843571,0.37,2.688563605768261,0.37,1.65
0.38,1.3002490563363285,0.38,2.3910273444781236,0.38,1.65
0.39,1.3328984115671987,0.39,2.100327941592359,0.39,1.65
0.4,1.3641831545214103,0.4,1.8223341630665963,0.4,1.65
0.41000000000000003,1.393970051035898,0.41000000000000003,1.5617347129043833,0.41000000000000003,1.65
0.42,1.4221301140239884,0.42,1.3219798936008513,0.42,1.65
0.43,1.4485395296523689,0.43,1.105301542141653,0.43,1.65
0.44,1.4730805612132933,0.44,0.9127987606933983,0.44,1.65
0.45,1.4956424214925135,0.45,0.7445736235384469,0.45,1.65
0.46,1.5161221046108069,0.46,0.5998996279243118,0.46,1.65
0.47000000000000003,1.5344251686139143,0.47000000000000003,0.47740600515508014,0.47000000000000003,1.65
0.48,1.5504664605000564,0.48,0.3752627892807852,0.48,1.65
0.49,1.5641707759018235,0.49,0.2913543232634391,0.49,1.65
0.5,1.5754734462741633,0.5,0.22343220471763833,0.5,1.65
0.51,1.5843208471746244,0.51,0.1692421036344632,0.51,1.65
0.52,1.5906708220464356,0.52,0.12662206693108272,0.52,1.65
0.53,1.5944930168184202,0.53,0.09357260537909283,0.53,1.65
0.54,1.5957691216057308,0.54,0.06830089348457118,0.54,1.65
0.55,1.5944930168184202,0.55,0.04924276013264444,0.55,1.65
0.56,1.5906708220464356,0.56,0.035066847960200424,0.56,1.65
0.5700000000000001,1.5843208471746244,0.5700000000000001,0.02466547098396107,0.5700000000000001,1.65
0.58,1.5754734462741635,0.58,0.017136433292123453,0.58,1.65
0.59,1.5641707759018237,0.59,0.01175952545272957,0.59,1.65
